1001740033
1007626946
1012152937
1023918170
102490375
1024964978
1025164878
1025304181
102673664
102804402
1031748547
103516294
104572011
1062909703
1074192828
107514763
107714632
107814526
108355756
108446034
1085898517
108656527
1096181412
1101830304
1104727051
1112406012
1112832074
1115852726
1143586891
1148971741
1151376078
115637917
115969905
1161362820
1161644264
1163099648
1174490948
118151476
1184585454
1198837267
1200946472
1206001422
1241401760
124522140
1252843136
1258169484
126067445
126164060
1265385511
1265740862
1268417352
1268457804
1284583638
129573285
1325763019
132627520
1335215958
134444672
1345603926
134949491
1352675881
1353661087
1355722201
136383154
136832456
1368344516
1379442980
1381270062
138963705
139420858
1396077516
1396875128
1399665000
1414151210
1419261308
142510810
1436891287
1437752046
1454777874
1459148665
1470697826
1475367386
1478371008
148143063
1484603334
1484610494
1484957288
148848007
14889353
1490064684
1491310134
149139997
1492921650
1496482082
150438158
1506030434
1512235836
1520091716
15231860
1525784408
15365153
1544504863
154646344
1546958047
157602777
1582185223
1591523160
159246384
15927815
1594480490
1606696878
1611116828
16159259
1627305240
1629017257
163411311
1635689114
1636748058
163873517
16429118
164771241
1648646648
1650584894
1651924723
1652943680
165807638
16799705
1681348927
1682054354
1685374862
1692553808
1696625706
1698180536
169952681
1707694778
1708845276
170913278
1710723337
1711522867
1719371142
172636826
1730544535
17417610
177370664
17902473
181615746
18186373
18348376
183667282
1846799239
184771198
185177025
1853091864
18637186
1881154128
189312927
190498199
1906007168
1912427275
1917616483
19368770
1937246714
1945417134
1953898128
19615832
19709299
19753332
1976603018
20050557
202813872
203133172
20411251
204227158
204770892
20541338
20630658
20746137
207723801
208063717
209744117
210840337
21177788
212322618
21284711
213677875
214962262
215194636
2156044112
21597788
2160756714
2164926157
2169394019
217125890
2171367673
21773199
217984703
2180517658
2189018300
219279099
219880029
2203801370
2205474357
2206179140
2212408807
2213660384
2214779509
2224053836
2229046237
222967068
2233022917
224053836
2247049488
22485366
2255958408
2257737920
2258116816
2259464778
22683865
226849732
2269935746
2272016356
2273179067
2273345432
227863300
2280006308
2280620519
2283497768
228350127
22857804
2286392229
228755151
22990024
22993556
2301439726
2301867749
2311440709
231160219
2314805970
2315727446
2316052422
2317369213
2317865342
2319251814
2325787560
23262294
2326892530
2327913294
233079143
2331111714
2331452707
233313069
2338792178
2340192967
2343399067
234537874
2351727330
2358607016
2361039959
2362978945
236948140
2373537415
238191614
2387966226
23879886
2398854739
2400896190
240437959
241284836
2415495696
24170566
2417615560
2418868251
241918899
241931726
2421314718
2423077104
24263407
242647157
2430823813
2431539826
2435694611
243855146
244203762
2442361929
244730434
2455105714
245605734
245949991
2460180258
2460188923
2469585156
247941173
2480767680
2481291718
2483014080
2487583325
2497261464
2509144846
250941070
2513585347
251681613
2523690391
2529529469
2538763274
2541387851
254166965
2548225621
255161667
255694237
2558375166
2560010215
256150328
2563116830
2563986083
2564325736
256853427
2571003399
257146329
2580632559
258224151
2583212077
258321931
258466494
2588690318
2595069624
2604411465
26087220
2610233343
2610314621
2614953961
262635195
263281958
2634604817
263988001
264547308
264659433
2646897072
2647872876
26599640
266081495
2666084971
2666300099
2682764185
2684330241
270947835
271189177
271546092
2722700050
2726370772
2729422450
2731835361
273509015
2736346053
2745729033
27469161
2768228746
2769342843
277197934
2774118515
2782617838
2790251307
2791192915
27916807
27934304
2796276518
2801992532
2802448264
2803030670
280702443
2810478356
2812096134
28154216
2815835550
2829316395
2832498761
2834359452
2836236650
2836516405
2839395048
2840553613
28412639
2842308102
2842625248
2845435549
284560711
2847673069
2848237957
2850198777
2852792092
286241046
286290018
2864099350
2864724408
286651272
2868104733
2872582948
2873190824
287420512
287956580
2881279632
2881569760
2884028804
288449373
2892023707
289918462
2902846916
2904995406
2905542613
2911488260
29150592
2917972645
2919973290
2922189332
292329646
2923638273
29250851
2926534420
2932144968
2938248383
2938662535
294748047
29533042
295355569
2954043816
2957735402
2957833335
2958404760
2959192909
295953724
2963451509
2964931888
2965535927
2965580847
2965697195
2967299714
2975409530
2975663354
2977286787
2978839775
29791426
29818878
2986425821
2987631196
2988106276
2989065636
2989268227
2994256424
2995234655
30026822
300304187
3009662413
301017138
3014671083
3016148896
3018663162
3020186592
302355508
3025824621
302603195
3027059696
3027065001
3028956161
3029064532
303460602
3035771806
3040256608
304060552
3042306033
3044736406
30462056
3046722590
3048446000
3064240246
3068252916
30716777
3071980854
3089117224
3093597764
3101697522
3106231538
310854590
3111024260
3112250044
314131410
314419730
3145782205
31460332
3153057326
3156227847
3158566489
3162101101
3164604700
3167908910
3169221188
3169770382
3171649794
3171897985
317288824
317571003
3180623259
318616812
320596946
321459760
321717597
32190377
3222895123
323395360
3240426893
324457014
324739210
327166736
3295988655
330133311
330599302
332137659
333480690
333688614
335439367
336089065
33703795
34090710
341617119
341644925
342479368
343123427
343784421
347733637
348018168
348812787
349477950
35062818
350804852
350818815
351030071
351640670
352269656
354459607
35542190
356860297
360354879
361501995
36188170
362592090
363697058
36507049
365090567
367182953
368404005
368934142
370934809
371816915
372862942
374148443
374517478
37581602
376330098
381800638
382826168
38285965
383502896
384435941
38464282
385423668
390159932
390455921
390879067
392872651
39646297
398896834
40333419
405306210
406335246
408558195
409671035
411102658
411794643
414849786
414945704
415265031
41700548
419028680
419116225
419211661
421274332
423932461
42445529
424640736
42659505
42910151
429174266
43083651
433295665
437098863
437836519
442418243
44413227
445495657
448071822
451858424
45216314
452441165
453605061
453767970
454023220
454427951
456523609
456697192
461932578
462371805
463523577
464478902
465156843
46615051
467277601
46838244
468609222
47215498
475958983
47650009
477388137
479005026
479904967
481062262
481579732
48465112
48666639
486971720
488853401
489543401
49066122
490964520
493541421
49438467
499771747
499903976
50435783
505162262
506619596
50771326
509416387
512106783
512114613
512658003
513766963
514517700
515053282
526853176
527288540
529074289
533467927
535649008
535656435
540316280
540374104
540546627
541860364
54277372
54436265
545730054
547007481
54740561
547838301
548576829
548605092
54895282
54972273
55453630
557523193
557813872
558396141
558654135
561204997
563107492
563410338
564548079
569627327
570480340
575566096
577106070
57947298
580212038
581344990
583348916
583425395
584405873
585301931
587408510
587880640
588455163
590585674
591740218
596531203
598134714
599625140
600455648
600497248
600599714
603139230
608474877
608675862
614672119
615542357
616412410
619044943
620965481
621988766
624199231
628011051
630192510
632314489
633078692
633330472
637237435
63810113
65720963
66257390
66321578
700736616
702724255
706697808
707588191
709009706
709452002
711193136
713568769
71377222
714184835
717564824
718224349
72277004
731925014
745677738
751086571
75161586
752176910
75305202
753571764
753673128
755005608
75553115
756551155
75882051
759345410
759867834
760173896
76084998
763732375
76519181
76868396
772759778
772772924
77312937
780676116
782510472
7881222
792130939
799793101
80042553
805441633
808786268
80879693
81245318
820697287
823750807
824579490
827249540
83107922
83614252
83700436
846107929
847158318
849121196
85093166
852582816
853032894
858454015
860709974
861631459
86425438
865492441
87295512
880686156
88069350
88208778
882981487
883025256
88524056
885352405
889568162
88969087
890159047
897701064
898821325
909153198
9092102
9128402
91395174
917893879
92608117
92696690
92834162
929639150
933569058
933759313
94620632
948811094
949008955
94913672
954030384
95499892
96743555
96768120
96815833
972691196
973150916
97630004
977332260
979898035
979911330
987827204
991552850
992228989
99624889