1059377952
1102204640
1135200679
113666708
118615031
1227978937
1229103648
124250167
1301959513
1322892576
1345679420
1347081241
14561417
1565547590
160598278
1666423484
175463843
176989097
179378990
181095972
183649290
1877576689
1896291618
19748869
20793766
2195175613
230417940
2344342244
2348520927
236103267
2382824556
2395156458
2398678262
2409775369
242473462
2446666002
2447934578
245253128
2459920400
2471652817
2565483896
2664702882
2690684898
2696885199
2739364857
274665155
2833764115
2840515848
2847832895
2893582029
2915944173
292046486
292115953
2943635522
2985842312
2994889032
2996301925
3031516391
30721211
311692941
3163028054
3181152355
31895836
320346328
3226743216
323299696
325598536
3256715306
329490504
3308409939
3326132869
3472565412
363595479
387957392
3929987667
39541074
402683346
408863713
434287678
439702776
4624593082
469033867
488452524
4908480387
492531054
54798224
553172348
553188122
55635974
561970498
569310094
595838371
611812373
64721979
704846219030335488
710100972706603008
711659863898787840
721845845574885376
722992228822454273
724115428339916800
727936126237876225
733501218207621121
738849328727502848
739510480151162880
757787188054597632
763966186484670464
775903600275034112
829458476095115266
829602722
838395463028060160
838409861394272257
840815154
871847169380241408
930149756
932223668
968537478